2 4 4 3 

-2.2711863809647226 -5.908379936807313 3.257404720998493 -1.2871133601899711 
5.457652999019232 2.1779823730379184 3.377934201538297 -2.9256213695960236 

-5.706778345259516 -3.6315332342715645 1.0579868209870138 3.306495814663484 
7.218814848735864 4.453326672302156 -2.944153696881334 0.4455894203969811 
2.257967541005835 -4.040991637444571 2.4368444955610364 0.9160619561149959 
5.106435886738681 8.392040097206669 -2.391416428400922 0.8607585802939283 

-0.15115050284485088 -7.290417442869548 8.339671124629366 
-8.475067263404739 -10.069570072783788 -8.45438535262459 
3.662921842855033 2.7118120980268245 0.35678698018833116 
2.746607277161014 1.5049415440154463 -4.399759890549981 

